spawns:
  default:
    world: 6e7d72db-16de-4bb1-b46e-9509ef93c54a
    world-name: world
    x: -61.530787080421135
    y: 251.0
    z: 125.51539140343442
    yaw: -179.91131591796875
    pitch: -3.600006103515625
